D:\Course_project\Visual Effects Image Stitch\csie\IMG_8710.JPG
540 720

1 0 359.5 
0 1 269.5 
0 0 1 

0.978183 -0.00335779 0.207718 
0.00328446 0.999994 0.000697794 
-0.20772 -1.57393e-008 0.978188 

2096.76

D:\Course_project\Visual Effects Image Stitch\csie\IMG_8711.JPG
540 720

1 0 359.5 
0 1 269.5 
0 0 1 

0.977897 -0.0506924 0.202846 
0.0105983 0.980935 0.194048 
-0.208815 -0.187609 0.959791 

2101.23

D:\Course_project\Visual Effects Image Stitch\csie\IMG_8712.JPG
540 720

1 0 359.5 
0 1 269.5 
0 0 1 

0.979918 -0.00318264 0.199374 
-0.00772339 0.998517 0.0538993 
-0.19925 -0.0543565 0.97844 

2096.99

D:\Course_project\Visual Effects Image Stitch\csie\IMG_8713.JPG
540 720

1 0 359.5 
0 1 269.5 
0 0 1 

0.981978 0.0305504 0.186509 
-0.00910881 0.993352 -0.114754 
-0.188775 0.110987 0.975728 

2093.64

D:\Course_project\Visual Effects Image Stitch\csie\IMG_8714.JPG
540 720

1 0 359.5 
0 1 269.5 
0 0 1 

0.979068 0.0609859 0.194182 
-0.0068673 0.963409 -0.267948 
-0.203418 0.261006 0.943661 

2087.83

D:\Course_project\Visual Effects Image Stitch\csie\IMG_8715.JPG
540 720

1 0 359.5 
0 1 269.5 
0 0 1 

0.977883 0.09789 0.184828 
-0.00288762 0.889944 -0.45606 
-0.209131 0.445441 0.870544 

2086.61

D:\Course_project\Visual Effects Image Stitch\csie\IMG_8716.JPG
540 720

1 0 359.5 
0 1 269.5 
0 0 1 

0.97762 0.124763 0.16939 
0.000905721 0.802667 -0.596426 
-0.210376 0.583232 0.784591 

2085.95

D:\Course_project\Visual Effects Image Stitch\csie\IMG_8717.JPG
540 720

1 0 359.5 
0 1 269.5 
0 0 1 

0.97638 0.150546 0.154978 
-0.00392616 0.729532 -0.683935 
-0.216026 0.667172 0.712892 

2083.22

D:\Course_project\Visual Effects Image Stitch\csie\IMG_8718.JPG
540 720

1 0 359.5 
0 1 269.5 
0 0 1 

0.973764 0.172172 0.148793 
0.000812619 0.651234 -0.758877 
-0.227557 0.739088 0.634009 

2083.5

D:\Course_project\Visual Effects Image Stitch\csie\IMG_8719.JPG
540 720

1 0 359.5 
0 1 269.5 
0 0 1 

0.976027 0.176037 0.127995 
0.0103171 0.549994 -0.835105 
-0.217405 0.816405 0.534993 

2083.25

D:\Course_project\Visual Effects Image Stitch\csie\IMG_8709.JPG
540 720

1 0 359.5 
0 1 269.5 
0 0 1 

0.977527 -0.0395748 0.20706 
0.00829275 0.98868 0.149813 
-0.210645 -0.144729 0.966789 

2092.04

